2.609438689684349555e+00
2.130242887220101355e+00
2.273860736526013948e+00
1.891230447591168762e+00
1.834084047884282587e+00
2.218883837421356198e+00
2.184094675352682202e+00
1.830359248615595735e+00
1.846139781672736735e+00
1.489870009729676203e+00
1.400576872587034449e+00
1.390497790579221737e+00
1.449270440995328535e+00
1.900130266900058373e+00
2.110284654677000216e+00
1.432540731512026877e+00
2.811469992322417788e+00
1.922666944144452161e+00
1.690470425392641696e+00
1.246466744891550960e+00
1.811456311677454689e+00
1.531835841129506104e+00
1.331816910151240929e+00
1.945273390124294455e+00
1.288099210564241925e+00
1.217675862170368051e+00
1.584552097423664652e+00
1.666635273681732921e+00
1.474319114619273119e+00
1.611270714083779199e+00
1.688998050018614583e+00
1.519094044117891951e+00
1.416508461591972079e+00
1.899103901332914068e+00
1.616843528577003308e+00
1.755774385535269433e+00
9.098251930332548199e-01
1.216421037388169868e+00
1.791167686342104659e+00
2.596369184618267489e+00
1.258944512690789885e+00
1.878235622161291474e+00
1.497054506751281266e+00
1.764427030246076278e+00
1.687761152501564776e+00
1.786022382189171864e+00
1.794216209277359919e+00
1.765510558808312869e+00
1.239595810532901687e+00
2.181159514007757316e+00
1.458798556940623659e+00
1.483418781078574167e+00
2.988024504307251750e-01
1.542467807304216398e+00
1.783233101292233780e+00
2.147032566584614610e+00
2.027524140561289379e+00
1.495071902503205097e+00
1.426734801826380572e+00
1.301934856369747928e+00
1.694288219194301837e+00
1.867662942849892094e+00
2.086479096884735540e+00
1.335337004187137300e+00
1.799628128963511875e+00
1.232945729416593750e+00
1.674636649887446316e+00
1.551514645878216969e+00
1.194664359313060364e+00
1.667657025516001701e+00
2.055551035763532042e+00
1.031485513873870996e+00
1.757117249286602734e+00
1.754713872665554675e+00
2.169936454608972110e+00
1.863176917781933728e+00
2.332574410027528078e+00
1.897184693124087218e+00
1.164741149018251543e+00
1.318424186844547874e+00
2.147642672793800500e+00
1.854338456377382816e+00
1.620204444555777057e+00
2.036789215433413069e+00
1.501785495976607487e+00
1.970185687900669169e+00
1.436043041364534201e+00
1.035216507497763283e+00
2.008369153355052283e+00
1.885442100780313268e+00
2.241891319433974239e+00
1.435070389342087749e+00
1.491508321417088334e+00
1.352653009031749232e+00
2.642231780268960328e+00
1.897581525086025067e+00
1.135903800908136585e+00
1.881188250041716081e+00
1.601531589278347045e+00
1.622873611505219360e+00
2.199926621416764760e+00
1.971983788733536302e+00
1.476200159196375816e+00
2.087215060071338169e+00
1.783024414912979472e+00
2.575015790664899384e+00
1.142346280387370738e+00
1.699838689507684686e+00
1.384578221937584397e+00
2.139107556429998613e+00
1.840188260835678991e+00
1.227126892692834037e+00
1.257218830181602520e+00
1.885188415590897115e+00
1.357278385519004704e+00
2.554649216808409395e+00
2.058447810483321483e+00
1.827976061377359240e+00
1.879739820361260971e+00
2.663941398847645470e+00
1.057078482176550871e+00
1.676543898418224154e+00
2.191544147391242703e+00
2.331969505740351778e+00
9.989792696596755395e-01
1.686988107278946769e+00
1.325231960689449373e+00
1.495142072281802736e+00
8.320087667857966052e-01
1.529281561575001724e+00
1.551350253468154250e+00
1.738371194683931087e+00
1.444486423458978486e+00
1.405384946879305152e+00
2.375857517041624956e+00
1.679098782336311935e+00
2.218721248283605618e+00
1.231281779886100658e+00
1.416390588350781243e+00
1.835608623432559927e+00
2.490424181444098828e+00
2.277688246906204306e+00
1.918095045543842359e+00
1.795920621073693990e+00
1.929584505228946423e+00
1.773204542781578796e+00
1.930712946584205447e+00
1.397203657530183607e+00
1.951787853758992552e+00
2.478635345994220529e+00
1.173142777278000315e+00
1.916254831355556965e+00
1.840514547126984590e+00
1.805520516296285294e+00
2.654664996877466265e+00
1.165837600391941287e+00
1.254129324341574314e+00
1.449129683162126536e+00
1.019336015284391328e+00
3.025501396928497400e+00
2.125728656424341612e+00
2.015628853692385647e+00
1.706726181176023704e+00
2.433942692018939091e+00
2.020578256327383304e+00
1.568218469206098753e+00
1.722910386471533606e+00
6.371292576638236671e-01
1.012779644669238754e+00
2.297223880607508484e+00
7.032998220026096536e-01
1.290563415255006952e+00
1.202909316104945781e+00
2.116400208778193015e+00
2.244682546401747025e+00
9.060037413414082641e-01
1.328871932404307232e+00
1.929143900263177169e+00
1.170669748832193990e+00
1.785883907833829998e+00
2.517178314490118751e+00
7.635352761724321091e-01
1.693350230300771475e+00
1.512690631554712617e+00
2.684411801667146769e+00
2.042253937574555867e+00
1.770010820585640854e+00
1.291118299379523160e+00
7.637929259768228007e-01
1.465705128476044949e+00
2.075901627335659860e+00
1.914126006072141228e+00
2.557301855716258565e+00
1.343294600728199839e+00
1.154029237915846551e+00
1.493521198218661361e+00
1.616924261096921001e+00
1.874279949153816904e+00
1.238090493401052150e+00
1.816838309813158414e+00
1.587221854457198322e+00
1.424221223709492001e+00
9.516092010738327334e-01
1.269550671862462732e+00
1.725642340589693902e+00
2.231092944203338035e+00
1.588664455429584121e+00
1.613509936721148064e+00
1.084965596086351791e+00
1.623786630994493718e+00
1.687837805594098795e+00
1.435475221632342091e+00
1.945752799965611235e+00
2.919297988936086163e+00
1.872119293854982658e+00
1.779975960180322225e+00
1.597470931634752622e+00
1.561864136593621222e+00
1.329519798669422714e+00
1.875138284612564821e+00
2.059523204441930044e+00
1.372709755403208831e+00
1.828165370274574819e+00
2.775811576212573240e+00
1.788503650813091372e+00
1.236244990444602676e+00
1.740689052590245645e+00
2.452653976001971436e+00
1.910417847854962270e+00
2.182805029930715346e+00
1.970899333499138262e+00
1.828356175712007481e+00
1.691848588345421067e+00
1.544173214758113533e+00
1.831911914005433406e+00
1.696136909767429257e+00
1.749926760021563554e+00
1.484144733197490407e+00
2.204473371916731761e+00
1.587617213138869054e+00
2.163107316790283896e+00
2.063498534201399615e+00
1.550892373721219020e+00
1.297416034528585227e+00
2.790031692013324793e+00
1.922740987982805461e+00
1.350925837842000599e+00
1.131901841605781778e+00
1.596206022854980144e+00
2.366185035317629470e+00
1.496725598343890962e+00
1.705892864223147010e+00
1.380748908956773491e+00
1.617964063033985322e+00
1.817435349982170933e+00
2.128596801179149622e+00
1.613378634791705846e+00
1.284216314070923293e+00
2.043566586332393076e+00
2.473926817033150982e+00
2.212270166523257586e+00
1.512794699997658476e+00
1.918009581930645524e+00
1.232015617641987415e+00
1.963332235379595225e+00
1.535594578422238454e+00
1.419000185722550267e+00
1.511995006445275624e+00
1.939426733924372259e+00
1.451593068271921139e+00
2.299590219683549819e+00
1.429259575284038686e+00
1.248342188490023652e+00
1.466211183851548583e+00
1.350042886807486076e+00
2.067792076783230293e+00
1.804731791818643849e+00
1.545113431747345611e+00
1.262519369237660838e+00
1.040280875142480355e+00
1.535055655971681476e+00
1.768620318775692812e+00
2.070130271553457302e+00
1.950546672055111008e+00
1.461603695507273315e+00
2.007290856350514296e+00
2.562385818549953065e+00
1.797314062486847774e+00
2.256913540586212630e+00
4.614295398533387882e-01
1.642699923748064172e+00
2.282831829618212183e+00
1.356204430030900854e+00
1.449164317581500327e+00
2.042885940083518204e+00
1.793230756539127668e+00
2.172942976371583512e+00
1.372343823650834516e+00
2.296184197565573459e+00
1.033057550157417737e+00
1.908852785756726123e+00
1.855700612145923412e+00
1.043623545828922694e+00
1.342057060711383087e+00
2.208123946393486747e+00
1.945970668978450613e+00
1.403446174387887435e+00
1.278285715598346917e+00
1.236849114951777295e+00
2.015890233520930330e+00
1.239055453648674421e+00
2.358527627994894793e+00
1.497030670416742426e+00
1.253630675736901567e+00
1.491797651672792213e+00
1.529234579732782207e+00
1.077062962705055860e+00
1.152250425108638510e+00
1.070553442322933480e+00
2.664856600751956961e+00
1.469644787714219802e+00
2.047140463728028159e+00
1.924295962341738164e+00
1.534663088120941765e+00
1.327067018740034188e+00
1.334056028590871801e+00
1.876353691857264305e+00
1.889482478227926254e+00
1.715370661089084647e+00
1.520976391494169633e+00
1.130471126085967448e+00
2.046220027153731635e+00
1.686483071782276522e+00
2.320511323613167143e+00
1.073002966880145070e+00
1.186954161950509290e+00
1.184054086757186930e+00
1.976951413122366441e+00
1.947564259512565510e+00
1.992680892956896654e+00
1.330793690215779534e+00
2.255560020745071892e+00
1.741433731650010586e+00
1.662637036742552032e+00
1.543417501171602479e+00
1.388193645626599970e+00
2.080888124536859785e+00
1.927052210459568204e+00
2.338137844363406437e+00
1.378842239823605098e+00
1.413089122579718415e+00
1.620468589464990394e+00
1.202361992308438321e+00
1.411593498431619409e+00
1.812386718961060739e+00
1.456585011258894058e+00
2.535515297334966611e+00
2.155612302474424702e+00
1.602876161169844327e+00
2.221441798334276463e+00
1.400627754861589747e+00
1.709183149198306495e+00
1.174885495012948589e+00
1.771911172992415073e+00
1.760284254619417066e+00
1.275755788387302303e+00
2.042131935722984792e+00
2.194771159546186290e+00
2.221586191723996073e+00
1.754391139129661825e+00
1.675780112612867079e+00
1.696295135891724426e+00
1.620330493644767778e+00
2.732823315236803552e+00
1.753846983610095833e+00
7.685144463046356123e-01
1.284293607946622062e+00
2.504457845988640408e+00
2.544246542415888435e+00
1.968966098712174206e+00
1.392186755430961931e+00
2.413526027243712679e+00
2.112779345296666555e+00
1.514204558916017573e+00
2.541617681861885636e+00
2.163070337652343689e+00
2.656006982124935689e+00
1.583963709062422343e+00
1.451358715787556486e+00
1.587775842397380677e+00
1.976686569426179485e+00
1.564618959477158455e+00
1.246643654603420526e+00
1.914273662536305931e+00
1.209209636919441833e+00
1.359849235575002258e+00
2.770458722420972464e+00
1.549258617088844714e+00
1.435026153103899471e+00
2.707559764287904347e+00
1.055566956069948326e+00
1.514508409621376561e+00
1.605524968162025612e+00
1.426611960029875892e+00
1.186699607150321079e+00
2.647194863545033527e+00
1.270194514021937504e+00
1.222606757561697899e+00
1.451832845901738445e+00
1.256790312656562270e+00
1.681495711456294062e+00
1.807302679762007758e+00
1.727891233094918988e+00
1.649374799838820405e+00
2.313465521023085891e+00
1.386686610021509836e+00
2.188135777486608369e+00
1.700877083777627696e+00
2.156626966396170797e+00
1.652376592323478777e+00
9.723594347629787027e-01
1.440241282760660990e+00
1.765811002616954895e+00
1.560086333199618425e+00
1.551155940895828422e+00
2.304239353168256343e+00
1.690410795464181160e+00
2.794305386362839538e+00
2.300777520331064530e+00
1.035579229585027239e+00
1.427876668738114585e+00
2.166326605836270236e+00
1.838617181924285582e+00
1.248929426557195965e+00
8.224847995878995510e-01
2.492064216156185452e+00
1.253081489817351457e+00
1.556761039267399616e+00
1.932377161772125040e+00
1.417559738782772305e+00
1.637580362082208696e+00
1.712824282700512235e+00
1.787474537575205691e+00
1.072011642074855331e+00
1.818640756148275361e+00
1.695255555392988445e+00
2.044411598731763036e+00
1.108035083653849728e+00
1.157708183895633347e+00
1.370846940003977554e+00
1.880081849991896537e+00
2.230843418404574230e+00
1.605731433715158918e+00
2.578737812554400488e+00
1.664001294758876037e+00
1.532830494024937540e+00
9.387122666406627625e-01
1.564391986865989903e+00
2.479059667996915017e+00
2.266808899537766209e+00
2.304275460676613818e+00
1.614927024495256047e+00
2.223403507552625946e+00
1.387133369018513918e+00
1.315071283930742574e+00
2.041756924455911282e+00
1.458116664624433234e+00
1.453667439457431598e+00
1.626975438374283156e+00
1.534094300437544245e+00
1.436617903320002165e+00
1.487682739406647858e+00
2.913340861354686950e+00
1.857107610879641824e+00
1.730878765743451009e+00
1.850759808248802374e+00
2.376751846215579445e+00
1.602918032010201888e+00
2.045039142135384846e+00
1.584071543774636437e+00
1.330178036424458643e+00
1.470909324750242275e+00
1.749288986537582247e+00
8.142675003455610572e-01
1.326150004227249379e+00
1.337179006890731880e+00
1.767722005889182046e+00
1.321381366628275433e+00
1.763290125832451150e+00
1.839753866392998649e+00
1.154462069080142150e+00
1.701649026954688892e+00
2.831460569682476169e+00
1.696197246613426302e+00
2.407799225728934012e+00
1.296273663639791796e+00
1.634431545766801719e+00
1.882222496733586325e+00
2.304410983855575967e+00
1.205869365367831403e+00
1.447298695293164794e+00
1.645841041704337648e+00
1.590792220809727375e+00
1.835417659077808850e+00
1.775697162689712449e+00
1.977014247779413481e+00
1.919153939902543016e+00
1.488760259247717155e+00
8.425667841784447720e-01
1.486529474116919936e+00
1.288191230718834568e+00
1.165933277879802166e+00
1.828201403422998528e+00
1.548428086995013109e+00
1.051649173134814319e+00
1.223525997158757983e+00
2.310739274924558995e+00
1.861686222413815095e+00
1.510137001035272819e+00
6.865890267500079913e-01
1.497140228285773089e+00
2.727756423330228497e+00
1.872866325677660981e+00
1.330943029251956844e+00
3.183395893935764498e+00
2.224749802601761139e+00
2.247486166143494835e+00
2.125544866747286044e+00
2.094738975316730922e+00
1.193577117989895520e+00
1.809526529789512228e+00
1.623612111240490208e+00
1.571106862198759835e+00
1.872471293533352066e+00
1.645370275822805706e+00
1.064577924325992520e+00
1.098292947097155636e+00
6.963056369803821699e-01
1.987243008771595543e+00
1.189406171482146224e+00
1.168316167537819528e+00
1.541776564100342695e+00
2.380196158139908480e+00
1.626349002291482826e+00
1.177275417336345997e+00
1.450483864398822487e+00
2.083935702979880844e+00
2.224851945916352491e+00
8.511953807961100127e-01
1.594490262222606258e+00
1.537831268408553109e+00
1.986470875127818836e+00
1.518169204946747453e+00
1.547944975416799762e+00
1.629183348701750189e+00
2.172493361688523805e+00
1.579645348595205556e+00
1.083364115889803525e+00
2.371320334451846090e+00
2.127195715495494799e+00
1.299362911446912072e+00
1.540650668829938841e+00
2.121385966959971281e+00
2.186761062783342702e+00
6.628610277928839167e-01
1.804317053930749815e+00
1.981443200156944862e+00
1.948126821971306599e+00
1.776401954103587588e+00
2.670902517861644121e+00
2.476868786007600853e+00
2.437482825494330818e+00
1.373665135312981844e+00
6.414842553205249986e-01
1.423843996623488817e+00
2.684203709484327405e+00
2.005096643902378517e+00
2.707003502276215556e+00
1.043859050519495346e+00
1.647834124300463721e+00
2.572083398127454679e+00
1.777547278579947765e+00
1.279820504003789772e+00
1.908656424648729200e+00
1.897156129674617109e+00
2.454105649225618802e+00
1.821590694687004186e+00
1.800798832597931831e+00
1.033209727503497488e+00
1.145351412767269705e+00
2.367977478967650207e+00
1.313263649346233963e+00
1.433557464014760807e+00
1.420078017885443078e+00
1.567794304137122730e+00
1.357710601546670004e+00
1.641505725826721607e+00
1.507977532469663595e+00
1.743536998544346961e+00
2.015683548932983626e+00
2.294013031190579976e+00
1.792582327863173175e+00
1.143497924594084392e+00
2.216585756684958941e+00
1.660943673152956546e+00
1.738537402106448138e+00
1.772317758964346623e+00
1.639817559318688112e+00
1.994322748137716150e+00
2.014483344178779056e+00
2.018650118372111724e+00
2.064479525403794646e+00
1.919185911675588496e+00
1.894657222719352996e+00
1.148934750136710647e+00
2.553449849991870302e+00
1.715974262947075779e+00
2.095415017457740170e+00
1.576781952747486004e+00
1.840136095773008851e+00
2.197364134353159137e+00
1.854098763686820917e+00
2.543272611934072280e+00
1.794212157889832682e+00
1.695670580626229107e+00
1.504746161318571307e+00
1.314185542682020813e+00
1.669420697753235316e+00
1.665023431562184797e+00
1.617853933470092320e+00
1.192504388478827781e+00
1.698707659574743456e+00
1.640745149125346636e+00
1.207829953360904263e+00
2.325038285873776367e+00
1.296657024314500362e+00
1.774299035136798874e+00
2.141015554911477103e+00
1.771227522925561848e+00
2.027603160828554962e+00
2.084374145927235134e+00
9.568586371407733493e-01
2.077349699399715810e+00
1.492926813377803752e+00
1.463131205575369354e+00
1.518351445287565271e+00
2.733018688946064589e+00
1.708684355742299266e+00
2.165519819245712796e+00
2.270252799066632576e+00
1.609626538115554784e+00
2.593026104533991738e+00
1.978042673558264575e+00
2.084382619746901977e+00
1.420406476908776083e+00
2.137095614542181998e+00
2.250923424170667708e+00
1.882814055941165243e+00
1.725123584674755683e+00
1.642075384422137629e+00
1.610059051943991903e+00
1.460247109266935350e+00
1.214092724399687517e+00
9.752989879928816164e-01
1.320732102325596680e+00
1.585659845264724588e+00
2.389418994933716789e+00
1.509720693329471342e+00
1.442733164657727496e+00
1.078083044973776605e+00
1.348626361995870937e+00
2.119982813451277259e+00
1.747257514105646781e+00
1.629268138020841583e+00
1.282979613290575083e+00
1.357195605297713215e+00
2.519879218761474249e+00
1.788317921337506888e+00
1.934981215330816795e+00
1.391536379007084046e+00
2.658455932527048482e+00
8.571685002599375158e-01
1.522813174472313236e+00
9.081415253570154222e-01
1.930309021304877248e+00
1.360903295704416927e+00
1.693415062643263136e+00
2.253876534904628137e+00
3.053635551560611283e+00
1.432736507529281056e+00
1.712474212151323893e+00
6.037521764173534589e-01
1.966515176515384322e+00
1.695197047939759116e+00
1.827984971785258317e+00
1.572732959853317070e+00
1.408689235267435169e+00
1.441169042456635241e+00
1.607106497572972970e+00
1.564717530243568522e+00
1.315230243539176058e+00
1.999571729135381615e+00
2.278777638168008046e+00
1.842668581390388693e+00
2.014168954747850293e+00
2.466892736184882473e+00
1.405215903979963432e+00
1.315032199422288439e+00
2.613544091039446293e+00
2.729625774089825097e+00
1.446064127104798258e+00
1.231540067370106017e+00
1.489154581681937373e+00
1.989395235717448696e+00
8.358753046348665894e-01
1.013711953981707659e+00
1.511506155768668869e+00
1.930789346355072045e+00
1.673666590625245476e+00
1.499718962293458802e+00
9.330033832348127998e-01
1.640956214826347903e+00
2.196593246799213972e+00
1.725825652086299122e+00
1.973123987447185534e+00
1.306326180881630883e+00
1.919324149840120564e+00
2.084636712871145825e+00
1.168833164221512844e+00
2.271447306447538672e+00
1.934961745504663488e+00
1.366687374553100520e+00
1.689537807423011850e+00
1.706731686248120328e+00
1.633738561836634684e+00
1.781408676753487130e+00
2.150664092433681063e+00
1.724025884712486079e+00
1.695733142815700534e+00
1.874426123388658105e+00
1.673078631787032089e+00
2.003816033711504296e+00
2.493171646705522715e+00
2.046043442806867674e+00
1.559339016226973129e+00
1.422780811177879245e+00
1.616534060034810594e+00
3.145878951490445719e+00
1.489435672679110478e+00
1.672916688632162474e+00
1.205728705698263514e+00
1.373801665154130491e+00
1.993197798866530812e+00
1.942185361168894842e+00
2.137514895096495948e+00
1.474428303761611048e+00
2.490815170406014634e+00
1.740203417618229720e+00
1.130990767275918962e+00
1.615148561574133668e+00
2.245008553072352697e+00
1.646765292225782495e+00
1.235416828885629315e+00
1.833214267089227523e+00
2.249418557277770958e+00
7.101000057163278090e-01
2.328785138365754293e+00
1.902095254891905451e+00
1.687228984338768445e+00
2.549844947680069307e+00
1.664538385716054503e+00
1.783969145608094831e+00
1.879142272769926514e+00
2.233233666686508911e+00
1.629146489302979450e+00
8.726461662642472916e-01
1.259134877811894926e+00
1.124174135293002141e+00
2.227532189457801959e+00
1.682745184555405338e+00
1.841281275180400634e+00
1.200863833533918346e+00
1.599238612768007606e+00
1.828210607995065740e+00
1.147630423128493948e+00
1.732823646856364475e+00
1.717018787362527332e+00
2.011315065960389781e+00
1.285818873615592217e+00
1.534459159971369946e+00
1.758087862321179751e+00
1.876868436812116236e+00
1.765128572007760965e+00
2.317947718941977264e+00
1.539110811684234914e+00
1.755289563611633241e+00
1.656136442151294297e+00
2.353763083351093854e+00
1.910485966751793940e+00
9.590224029336464895e-01
2.054299147064443609e+00
5.565641334517497096e-01
1.707528696223564513e+00
2.150820748764972645e+00
1.723584872898655362e+00
1.727041742328131901e+00
1.469366771555874918e+00
1.232920889651805796e+00
1.443465758735770432e+00
1.456500456851624881e+00
2.156570738089667039e+00
1.587027794562587690e+00
1.488087708335845694e+00
1.423407481450007284e+00
1.631037573732821766e+00
2.659542554067877873e+00
1.602901378244668829e+00
2.577939576245289466e+00
1.138263532597033834e+00
2.012769776526311283e+00
1.526115247773003336e+00
1.931799095534674215e+00
1.634666813519785933e+00
1.535659768543056414e+00
1.290133239313768332e+00
2.035855747599060184e+00
1.121061216778515224e+00
1.172884577917591820e+00
1.820500407081641736e+00
1.189168462934637738e+00
2.161299184764022829e+00
1.973410249621978529e+00
8.455456369920140158e-01
1.051340075906773919e+00
1.935657423960810863e+00
2.137410691736759460e+00
1.592938420290641144e+00
2.147678559215189686e+00
1.538590444167687421e+00
1.528636572998104182e+00
1.863632284860228472e+00
2.578531488231562196e+00
1.575397116225314198e+00
2.624924408072580206e+00
1.468152915804168401e+00
2.453604024713397447e+00
3.533717149194428586e+00
1.628824155213688618e+00
1.919739665052754507e+00
1.108724541723922208e+00
2.605307680068667864e+00
2.346624105103092273e+00
1.335251056845668138e+00
2.210837800106083328e+00
1.857195208311254619e+00
1.909180537512579434e+00
1.613382284488976914e+00
2.223969220888386555e+00
2.606141247096785740e+00
1.800625496788313518e+00
2.016383560542053921e+00
1.242755550877951309e+00
1.641783560266070641e+00
2.589484989737910858e+00
1.602720794246063063e+00
2.231063103618450505e+00
1.405609004630200110e+00
1.198545078573199252e+00
1.699503310446237148e+00
1.670554517547258921e+00
2.030640809142717718e+00
1.702699420782105566e+00
1.206228071574622085e+00
1.897130110666493064e+00
1.903507491606089008e+00
1.419495733726280129e+00
2.183984160365736393e+00
2.288607510520885846e+00
1.646903533970158318e+00
1.179947064617718810e+00
1.479925123547812138e+00
1.460390411541105271e+00
1.315897755881174191e+00
2.225558395033854442e+00
1.523704431547757476e+00
1.032654798128430640e+00
1.959470323588154539e+00
1.693575777530740734e+00
1.371509230357215392e+00
1.876789485825838488e+00
1.275704636309855422e+00
1.541848989228112199e+00
2.126675363161683929e+00
1.290105246350326862e+00
1.277660515323779666e+00
1.585101869745702885e+00
2.323098316285119314e+00
1.441126124303563572e+00
1.463172263803376394e+00
1.398843771723434326e+00
1.274859837905203630e+00
8.589218954243021953e-01
1.616870920813187951e+00
1.311679772335846650e+00
2.276432300408016474e+00
1.547948224627983871e+00
1.580699694389899435e+00
2.507044405015841804e+00
9.870000665466827083e-01
1.701125963936281904e+00
1.801723638588946130e+00
1.894459708171314372e+00
2.342264179457274054e+00
3.291395032511830188e+00
2.349616914447769211e+00
2.247340473354974666e+00
2.328198148284469582e+00
1.643691579336540087e+00
1.120096214386495204e+00
2.052591552451789259e+00
1.727548091196682956e+00
1.366373498358216310e+00
1.725547665565554833e+00
1.117968006941837622e+00
1.765647491947915926e+00
1.587487974705915628e+00
1.748294338855218566e+00
6.573418567382881550e-01
1.502707786407115442e+00
1.378109156219246234e+00
1.566813155767277976e+00
2.182362739423870046e+00
1.632975657644373690e+00
2.138276497744829197e+00
1.791825898016283336e+00
1.324969601338213510e+00
1.067634390089805541e+00
1.913906803345459595e+00
2.365655251655275126e+00
1.507775303324592864e+00
1.992019768774667465e+00
2.160671716000408527e+00
1.661618497360979774e+00
1.581048632112029617e+00
2.143029992073167023e+00
2.295335144392866678e+00
1.751393825258377390e+00
2.139933483040428630e+00
1.653839045798895180e+00
2.207016755458501400e+00
1.188238355840932625e+00
2.287987645326594599e+00
2.817883461978302417e+00
2.378273200868846970e+00
1.864820029442011640e+00
1.847302383780325297e+00
2.165219523862709217e+00
2.055673185179907492e+00
9.668633792941833116e-01
2.432028282828543997e+00
2.509465810384408968e+00
2.495162782675113267e+00
1.826235033504034710e+00
1.656115929231640305e+00
1.143475546600691173e+00
1.153113257831565264e+00
1.959430802234658042e+00
1.967925794605564382e+00
2.210025010596743389e+00
1.684823401097279127e+00
1.161456412057440213e+00
2.076086523094284431e+00
1.807087282780605930e+00
1.816260476590755513e+00
2.186862532527090508e+00
1.104474542266567383e+00
2.458654026346239974e+00
1.774167087737279491e+00
1.041511469379914345e+00
1.922347641255110151e+00
2.822064383355995520e+00
2.372496346484852747e+00
1.600273304472426883e+00
1.784602030378254378e+00
1.654407654790540416e+00
1.896353693945517005e+00
1.236480806942838351e+00
1.429962612829321467e+00
2.787286799887684019e+00
1.318885690490044560e+00
1.658261172954573981e+00
2.034563996813979259e+00
1.824991518821781566e+00
1.941521259769913410e+00
1.585103772425563662e+00
1.640128339634041144e+00
9.573553716196872010e-01
1.666486612580298177e+00
2.180723094511911153e+00
2.391793934545858757e+00
